     #Energy           s          py          pz          px       tot
    -6.70488     0.27460     0.04543     0.06003     0.03473     0.41479
    -6.69488     0.28280     0.04738     0.06216     0.03598     0.42832
    -6.68488     0.27690     0.04713     0.06024     0.03526     0.41953
    -6.67388     0.25730     0.04467     0.05450     0.03263     0.38910
    -6.66388     0.23910     0.04200     0.04946     0.03003     0.36059
    -6.65388     0.22470     0.03966     0.04538     0.02799     0.33773
    -6.64388     0.21360     0.03779     0.04219     0.02649     0.32007
    -6.63288     0.20450     0.03626     0.03966     0.02530     0.30572
    -6.62288     0.19760     0.03514     0.03793     0.02444     0.29511
    -6.61288     0.19150     0.03434     0.03683     0.02371     0.28638
    -6.60188     0.18580     0.03357     0.03576     0.02302     0.27815
    -6.59188     0.18050     0.03282     0.03474     0.02236     0.27042
    -6.58188     0.17570     0.03209     0.03376     0.02173     0.26328
    -6.57088     0.17130     0.03139     0.03283     0.02114     0.25666
    -6.56088     0.16700     0.03070     0.03193     0.02056     0.25019
    -6.55088     0.16300     0.03001     0.03107     0.01999     0.24407
    -6.54088     0.15910     0.02932     0.03025     0.01944     0.23811
    -6.52988     0.15630     0.02876     0.02961     0.01903     0.23370
    -6.51988     0.15360     0.02820     0.02898     0.01865     0.22943
    -6.50988     0.15090     0.02763     0.02835     0.01828     0.22516
    -6.49888     0.14820     0.02706     0.02773     0.01791     0.22090
    -6.48888     0.14560     0.02647     0.02711     0.01756     0.21674
    -6.47888     0.14300     0.02589     0.02650     0.01722     0.21261
    -6.46788     0.14050     0.02530     0.02589     0.01688     0.20857
    -6.45788     0.13840     0.02485     0.02543     0.01667     0.20535
    -6.44788     0.13650     0.02447     0.02505     0.01652     0.20254
    -6.43788     0.13480     0.02414     0.02472     0.01640     0.20006
    -6.42688     0.13320     0.02384     0.02443     0.01631     0.19778
    -6.41688     0.13180     0.02359     0.02418     0.01624     0.19581
    -6.40688     0.13040     0.02336     0.02395     0.01617     0.19388
    -6.39588     0.13000     0.02338     0.02379     0.01611     0.19328
    -6.38588     0.12950     0.02342     0.02363     0.01604     0.19259
    -6.37588     0.12900     0.02344     0.02346     0.01598     0.19188
    -6.36488     0.12830     0.02343     0.02329     0.01593     0.19095
    -6.35488     0.12760     0.02337     0.02310     0.01588     0.18995
    -6.34488     0.12600     0.02312     0.02286     0.01583     0.18781
    -6.33488     0.12310     0.02254     0.02252     0.01577     0.18393
    -6.32388     0.12030     0.02195     0.02219     0.01573     0.18017
    -6.31388     0.11750     0.02135     0.02186     0.01570     0.17641
    -6.30388     0.11480     0.02075     0.02154     0.01568     0.17277
    -6.29288     0.11210     0.02014     0.02123     0.01568     0.16915
    -6.28288     0.10950     0.01952     0.02091     0.01569     0.16562
    -6.27288     0.10700     0.01889     0.02060     0.01571     0.16220
    -6.26188     0.10610     0.01844     0.02037     0.01596     0.16087
    -6.25188     0.10590     0.01808     0.02017     0.01632     0.16047
    -6.24188     0.10620     0.01779     0.02000     0.01674     0.16073
    -6.23188     0.10700     0.01756     0.01984     0.01724     0.16164
    -6.22088     0.10810     0.01737     0.01968     0.01775     0.16290
    -6.21088     0.10880     0.01716     0.01952     0.01819     0.16367
    -6.20088     0.10930     0.01693     0.01933     0.01856     0.16412
    -6.18988     0.10960     0.01668     0.01913     0.01885     0.16426
    -6.17988     0.10470     0.01637     0.01884     0.01763     0.15754
    -6.16988     0.09808     0.01607     0.01851     0.01588     0.14854
    -6.15888     0.09339     0.01582     0.01823     0.01472     0.14216
    -6.14888     0.09248     0.01561     0.01802     0.01464     0.14075
    -6.13888     0.09155     0.01541     0.01781     0.01455     0.13932
    -6.12888     0.09079     0.01524     0.01762     0.01446     0.13811
    -6.11788     0.09013     0.01509     0.01746     0.01439     0.13707
    -6.10788     0.08973     0.01497     0.01731     0.01438     0.13639
    -6.09788     0.08933     0.01485     0.01716     0.01438     0.13572
    -6.08688     0.08892     0.01473     0.01701     0.01438     0.13504
    -6.07688     0.08856     0.01462     0.01685     0.01439     0.13442
    -6.06688     0.08823     0.01451     0.01671     0.01439     0.13384
    -6.05588     0.08804     0.01442     0.01657     0.01442     0.13345
    -6.04588     0.08783     0.01433     0.01643     0.01444     0.13303
    -6.03588     0.08760     0.01424     0.01630     0.01446     0.13260
    -6.02588     0.08734     0.01415     0.01617     0.01448     0.13214
    -6.01488     0.08706     0.01405     0.01604     0.01450     0.13165
    -6.00488     0.08675     0.01396     0.01591     0.01451     0.13113
    -5.99488     0.08600     0.01380     0.01572     0.01450     0.13002
    -5.98388     0.08524     0.01363     0.01552     0.01450     0.12889
    -5.97388     0.08449     0.01346     0.01533     0.01449     0.12777
    -5.96388     0.08376     0.01330     0.01514     0.01449     0.12669
    -5.95288     0.08304     0.01313     0.01495     0.01449     0.12561
    -5.94288     0.08234     0.01297     0.01477     0.01449     0.12457
    -5.93288     0.08165     0.01282     0.01459     0.01449     0.12355
    -5.92288     0.08097     0.01267     0.01441     0.01449     0.12254
    -5.91188     0.08030     0.01251     0.01423     0.01449     0.12153
    -5.90188     0.07965     0.01237     0.01406     0.01449     0.12057
    -5.89188     0.07901     0.01222     0.01389     0.01450     0.11962
    -5.88088     0.07812     0.01204     0.01370     0.01448     0.11834
    -5.87088     0.07721     0.01185     0.01352     0.01447     0.11705
    -5.86088     0.07631     0.01167     0.01334     0.01445     0.11577
    -5.84988     0.07544     0.01149     0.01316     0.01444     0.11453
    -5.83988     0.07459     0.01131     0.01299     0.01444     0.11333
    -5.82988     0.07376     0.01114     0.01282     0.01444     0.11216
    -5.81988     0.07299     0.01097     0.01266     0.01446     0.11108
    -5.80888     0.07224     0.01081     0.01251     0.01449     0.11005
    -5.79888     0.07151     0.01065     0.01236     0.01451     0.10903
    -5.78888     0.07083     0.01050     0.01222     0.01455     0.10810
    -5.77788     0.07018     0.01036     0.01209     0.01459     0.10722
    -5.76788     0.06957     0.01022     0.01196     0.01464     0.10639
    -5.75788     0.06900     0.01009     0.01184     0.01470     0.10563
    -5.74688     0.06847     0.00997     0.01173     0.01476     0.10493
    -5.73688     0.06798     0.00985     0.01162     0.01484     0.10429
    -5.72688     0.06753     0.00974     0.01152     0.01492     0.10371
    -5.71688     0.06711     0.00963     0.01143     0.01501     0.10318
    -5.70588     0.06672     0.00954     0.01134     0.01511     0.10271
    -5.69588     0.06634     0.00944     0.01127     0.01520     0.10225
    -5.68588     0.06595     0.00935     0.01119     0.01528     0.10177
    -5.67488     0.06558     0.00926     0.01113     0.01536     0.10133
    -5.66488     0.06524     0.00917     0.01107     0.01543     0.10091
    -5.65488     0.06493     0.00908     0.01101     0.01551     0.10053
    -5.64388     0.06463     0.00900     0.01096     0.01558     0.10017
    -5.63388     0.06435     0.00891     0.01092     0.01565     0.09984
    -5.62388     0.06409     0.00884     0.01088     0.01572     0.09953
    -5.61388     0.06385     0.00876     0.01085     0.01579     0.09925
    -5.60288     0.06362     0.00869     0.01083     0.01585     0.09899
    -5.59288     0.06341     0.00862     0.01081     0.01592     0.09876
    -5.58288     0.06323     0.00856     0.01079     0.01598     0.09856
    -5.57188     0.06290     0.00849     0.01077     0.01599     0.09815
    -5.56188     0.06233     0.00841     0.01074     0.01593     0.09741
    -5.55188     0.06175     0.00834     0.01071     0.01585     0.09665
    -5.54088     0.06115     0.00828     0.01068     0.01576     0.09587
    -5.53088     0.06052     0.00822     0.01066     0.01566     0.09506
    -5.52088     0.05988     0.00816     0.01063     0.01553     0.09420
    -5.51088     0.05921     0.00811     0.01062     0.01540     0.09334
    -5.49988     0.05853     0.00807     0.01060     0.01525     0.09245
    -5.48988     0.05782     0.00803     0.01059     0.01508     0.09152
    -5.47988     0.05741     0.00800     0.01060     0.01501     0.09102
    -5.46888     0.05732     0.00799     0.01063     0.01503     0.09097
    -5.45888     0.05722     0.00798     0.01065     0.01506     0.09091
    -5.44888     0.05713     0.00797     0.01067     0.01509     0.09086
    -5.43788     0.05704     0.00797     0.01069     0.01511     0.09081
    -5.42788     0.05694     0.00796     0.01070     0.01514     0.09074
    -5.41788     0.05683     0.00796     0.01072     0.01516     0.09067
    -5.40788     0.05672     0.00795     0.01073     0.01518     0.09058
    -5.39688     0.05660     0.00795     0.01074     0.01520     0.09049
    -5.38688     0.05648     0.00794     0.01075     0.01522     0.09039
    -5.37688     0.05635     0.00793     0.01075     0.01523     0.09026
    -5.36588     0.05621     0.00792     0.01075     0.01525     0.09013
    -5.35588     0.05607     0.00791     0.01075     0.01526     0.08999
    -5.34588     0.05592     0.00790     0.01075     0.01527     0.08984
    -5.33488     0.05576     0.00789     0.01075     0.01528     0.08968
    -5.32488     0.05560     0.00788     0.01074     0.01528     0.08950
    -5.31488     0.05543     0.00787     0.01073     0.01529     0.08932
    -5.30488     0.05527     0.00785     0.01072     0.01529     0.08913
    -5.29388     0.05511     0.00784     0.01071     0.01528     0.08894
    -5.28388     0.05485     0.00782     0.01067     0.01525     0.08859
    -5.27388     0.05455     0.00779     0.01064     0.01521     0.08819
    -5.26288     0.05424     0.00776     0.01059     0.01516     0.08775
    -5.25288     0.05392     0.00773     0.01055     0.01511     0.08731
    -5.24288     0.05358     0.00770     0.01050     0.01506     0.08684
    -5.23188     0.05323     0.00767     0.01044     0.01500     0.08634
    -5.22188     0.05287     0.00763     0.01037     0.01494     0.08581
    -5.21188     0.05245     0.00758     0.01028     0.01486     0.08517
    -5.20188     0.05201     0.00753     0.01018     0.01478     0.08450
    -5.19088     0.05155     0.00748     0.01008     0.01470     0.08381
    -5.18088     0.05108     0.00743     0.00997     0.01461     0.08310
    -5.17088     0.05060     0.00738     0.00987     0.01452     0.08237
    -5.15988     0.05009     0.00733     0.00976     0.01443     0.08161
    -5.14988     0.04958     0.00728     0.00965     0.01433     0.08084
    -5.13988     0.04904     0.00723     0.00954     0.01423     0.08004
    -5.12888     0.04850     0.00718     0.00942     0.01413     0.07923
    -5.11888     0.04793     0.00713     0.00930     0.01402     0.07838
    -5.10888     0.04735     0.00708     0.00918     0.01391     0.07752
    -5.09888     0.04691     0.00704     0.00909     0.01384     0.07687
    -5.08788     0.04652     0.00700     0.00901     0.01378     0.07631
    -5.07788     0.04612     0.00697     0.00892     0.01373     0.07574
    -5.06788     0.04572     0.00693     0.00884     0.01367     0.07516
    -5.05688     0.04531     0.00690     0.00876     0.01362     0.07459
    -5.04688     0.04489     0.00686     0.00868     0.01357     0.07400
    -5.03688     0.04446     0.00682     0.00860     0.01351     0.07339
    -5.02588     0.04402     0.00679     0.00852     0.01346     0.07279
    -5.01588     0.04357     0.00675     0.00844     0.01341     0.07217
    -5.00588     0.04312     0.00671     0.00836     0.01336     0.07155
    -4.99588     0.04266     0.00667     0.00829     0.01331     0.07093
    -4.98488     0.04219     0.00663     0.00821     0.01326     0.07029
    -4.97488     0.04185     0.00661     0.00817     0.01322     0.06985
    -4.96488     0.04157     0.00660     0.00814     0.01320     0.06950
    -4.95388     0.04129     0.00658     0.00811     0.01317     0.06915
    -4.94388     0.04101     0.00657     0.00808     0.01315     0.06881
    -4.93388     0.04073     0.00656     0.00806     0.01312     0.06846
    -4.92288     0.04045     0.00655     0.00803     0.01310     0.06813
    -4.91288     0.04016     0.00653     0.00801     0.01308     0.06778
    -4.90288     0.03988     0.00652     0.00799     0.01305     0.06744
    -4.89288     0.03959     0.00651     0.00796     0.01303     0.06710
    -4.88188     0.03929     0.00650     0.00795     0.01301     0.06675
    -4.87188     0.03899     0.00650     0.00793     0.01300     0.06641
    -4.86188     0.03869     0.00649     0.00791     0.01298     0.06607
    -4.85088     0.03838     0.00648     0.00790     0.01296     0.06572
    -4.84088     0.03807     0.00648     0.00788     0.01295     0.06538
    -4.83088     0.03776     0.00647     0.00787     0.01294     0.06505
    -4.81988     0.03743     0.00647     0.00786     0.01292     0.06468
    -4.80988     0.03711     0.00647     0.00785     0.01291     0.06434
    -4.79988     0.03678     0.00647     0.00784     0.01290     0.06399
    -4.78988     0.03645     0.00647     0.00784     0.01289     0.06365
    -4.77888     0.03611     0.00647     0.00783     0.01288     0.06329
    -4.76888     0.03577     0.00647     0.00783     0.01288     0.06295
    -4.75888     0.03542     0.00648     0.00783     0.01287     0.06260
    -4.74788     0.03508     0.00649     0.00783     0.01287     0.06227
    -4.73788     0.03475     0.00650     0.00784     0.01286     0.06195
    -4.72788     0.03444     0.00652     0.00784     0.01284     0.06164
    -4.71688     0.03414     0.00654     0.00786     0.01283     0.06136
    -4.70688     0.03385     0.00656     0.00788     0.01282     0.06111
    -4.69688     0.03357     0.00659     0.00790     0.01282     0.06088
    -4.68688     0.03331     0.00663     0.00793     0.01283     0.06070
    -4.67588     0.03305     0.00667     0.00797     0.01284     0.06053
    -4.66588     0.03280     0.00671     0.00801     0.01285     0.06037
    -4.65588     0.03256     0.00676     0.00806     0.01287     0.06025
    -4.64488     0.03233     0.00681     0.00812     0.01289     0.06015
    -4.63488     0.03211     0.00687     0.00818     0.01292     0.06008
    -4.62488     0.03190     0.00693     0.00825     0.01296     0.06004
    -4.61388     0.03170     0.00700     0.00833     0.01300     0.06003
    -4.60388     0.03151     0.00707     0.00841     0.01305     0.06005
    -4.59388     0.03133     0.00715     0.00850     0.01310     0.06009
    -4.58388     0.03117     0.00724     0.00860     0.01317     0.06018
    -4.57288     0.03101     0.00733     0.00872     0.01324     0.06030
    -4.56288     0.03086     0.00743     0.00883     0.01331     0.06044
    -4.55288     0.03072     0.00754     0.00896     0.01340     0.06062
    -4.54188     0.03059     0.00764     0.00910     0.01349     0.06082
    -4.53188     0.03048     0.00776     0.00924     0.01359     0.06108
    -4.52188     0.03037     0.00788     0.00940     0.01369     0.06134
    -4.51088     0.03027     0.00801     0.00956     0.01380     0.06164
    -4.50088     0.03018     0.00815     0.00973     0.01392     0.06198
    -4.49088     0.03009     0.00828     0.00989     0.01404     0.06230
    -4.48088     0.02997     0.00840     0.01004     0.01414     0.06255
    -4.46988     0.02984     0.00851     0.01018     0.01422     0.06275
    -4.45988     0.02970     0.00862     0.01030     0.01429     0.06291
    -4.44988     0.02953     0.00872     0.01042     0.01434     0.06301
    -4.43888     0.02937     0.00881     0.01054     0.01440     0.06312
    -4.42888     0.02919     0.00892     0.01066     0.01445     0.06322
    -4.41888     0.02902     0.00902     0.01079     0.01451     0.06334
    -4.40788     0.02884     0.00913     0.01093     0.01457     0.06347
    -4.39788     0.02866     0.00924     0.01108     0.01464     0.06362
    -4.38788     0.02848     0.00936     0.01123     0.01471     0.06378
    -4.37788     0.02831     0.00948     0.01140     0.01480     0.06399
    -4.36688     0.02814     0.00961     0.01157     0.01489     0.06421
    -4.35688     0.02797     0.00974     0.01176     0.01499     0.06446
    -4.34688     0.02781     0.00988     0.01195     0.01510     0.06474
    -4.33588     0.02765     0.01002     0.01215     0.01522     0.06504
    -4.32588     0.02749     0.01017     0.01236     0.01535     0.06537
    -4.31588     0.02734     0.01033     0.01258     0.01548     0.06573
    -4.30488     0.02730     0.01074     0.01311     0.01591     0.06706
    -4.29488     0.02751     0.01171     0.01430     0.01695     0.07047
    -4.28488     0.02796     0.01324     0.01616     0.01861     0.07597
    -4.27488     0.02840     0.01478     0.01801     0.02030     0.08149
    -4.26388     0.02947     0.01660     0.02025     0.02233     0.08865
    -4.25388     0.03027     0.01829     0.02226     0.02422     0.09504
    -4.24388     0.03078     0.01985     0.02404     0.02595     0.10062
    -4.23288     0.03104     0.02125     0.02559     0.02751     0.10539
    -4.22288     0.03113     0.02248     0.02690     0.02887     0.10938
    -4.21288     0.03106     0.02354     0.02796     0.03004     0.11260
    -4.20188     0.03081     0.02443     0.02878     0.03100     0.11502
    -4.19188     0.03005     0.02499     0.02916     0.03160     0.11580
    -4.18188     0.02956     0.02596     0.02993     0.03262     0.11807
    -4.17188     0.02929     0.02718     0.03103     0.03392     0.12142
    -4.16088     0.02830     0.02805     0.03173     0.03483     0.12291
    -4.15088     0.02659     0.02857     0.03199     0.03532     0.12247
    -4.14088     0.02457     0.02884     0.03200     0.03556     0.12097
    -4.12988     0.02267     0.02897     0.03189     0.03565     0.11918
    -4.11988     0.02100     0.02892     0.03164     0.03555     0.11711
    -4.10988     0.01954     0.02867     0.03123     0.03524     0.11468
    -4.09888     0.01809     0.02843     0.03080     0.03499     0.11231
    -4.08888     0.01750     0.02905     0.03152     0.03579     0.11386
    -4.07888     0.01784     0.03057     0.03350     0.03773     0.11964
    -4.06888     0.01856     0.03246     0.03612     0.04023     0.12737
    -4.05788     0.01943     0.03425     0.03879     0.04273     0.13520
    -4.04788     0.02034     0.03618     0.04195     0.04566     0.14413
    -4.03788     0.02085     0.04452     0.05243     0.05781     0.17561
    -4.02688     0.02147     0.04115     0.04850     0.05161     0.16273
    -4.01688     0.02284     0.03931     0.04784     0.04882     0.15881
    -4.00688     0.02426     0.03877     0.04861     0.04809     0.15973
    -3.99588     0.02572     0.03949     0.05078     0.04938     0.16537
    -3.98588     0.02708     0.04055     0.05332     0.05127     0.17222
    -3.97588     0.02830     0.04151     0.05576     0.05308     0.17865
    -3.96588     0.02936     0.04237     0.05810     0.05481     0.18464
    -3.95488     0.03028     0.04313     0.06032     0.05646     0.19019
    -3.94488     0.03104     0.04379     0.06243     0.05803     0.19529
    -3.93488     0.03169     0.04443     0.06460     0.05959     0.20031
    -3.92388     0.03231     0.04513     0.06672     0.06110     0.20526
    -3.91388     0.03288     0.04588     0.06880     0.06257     0.21013
    -3.90388     0.03267     0.04612     0.06956     0.06295     0.21130
    -3.89288     0.03268     0.04604     0.06984     0.06307     0.21163
    -3.88288     0.03277     0.04593     0.07026     0.06346     0.21242
    -3.87288     0.03251     0.04562     0.07047     0.06379     0.21239
    -3.86288     0.03198     0.04524     0.07056     0.06416     0.21194
    -3.85188     0.03200     0.04525     0.07052     0.06375     0.21152
    -3.84188     0.03206     0.04528     0.07050     0.06344     0.21128
    -3.83188     0.03215     0.04533     0.07048     0.06320     0.21116
    -3.82088     0.03228     0.04538     0.07044     0.06300     0.21110
    -3.81088     0.03245     0.04542     0.07036     0.06281     0.21104
    -3.80088     0.03268     0.04552     0.07044     0.06274     0.21138
    -3.78988     0.03295     0.04562     0.07054     0.06273     0.21184
    -3.77988     0.03325     0.04570     0.07060     0.06273     0.21228
    -3.76988     0.03357     0.04578     0.07059     0.06274     0.21268
    -3.75988     0.03416     0.04614     0.07087     0.06296     0.21413
    -3.74888     0.03512     0.04688     0.07158     0.06331     0.21689
    -3.73888     0.03613     0.04759     0.07232     0.06340     0.21944
    -3.72888     0.03804     0.05041     0.07530     0.06520     0.22895
    -3.71788     0.04077     0.05551     0.08075     0.06884     0.24587
    -3.70788     0.04062     0.05365     0.07909     0.06574     0.23910
    -3.69788     0.04086     0.05320     0.07844     0.06361     0.23611
    -3.68688     0.04096     0.05266     0.07756     0.06128     0.23246
    -3.67688     0.04098     0.05227     0.07668     0.05989     0.22982
    -3.66688     0.04067     0.05179     0.07565     0.05890     0.22701
    -3.65688     0.04023     0.05115     0.07436     0.05776     0.22350
    -3.64588     0.03959     0.05032     0.07281     0.05644     0.21916
    -3.63588     0.03842     0.04883     0.07094     0.05479     0.21298
    -3.62588     0.03688     0.04715     0.06848     0.05281     0.20532
    -3.61488     0.03508     0.04537     0.06555     0.05060     0.19660
    -3.60488     0.03409     0.04450     0.06376     0.04939     0.19174
    -3.59488     0.03415     0.04460     0.06328     0.04937     0.19140
    -3.58388     0.03377     0.04445     0.06266     0.04906     0.18994
    -3.57388     0.03340     0.04431     0.06215     0.04879     0.18865
    -3.56388     0.03303     0.04397     0.06177     0.04843     0.18720
    -3.55388     0.03270     0.04391     0.06159     0.04847     0.18667
    -3.54288     0.03234     0.04380     0.06106     0.04836     0.18556
    -3.53288     0.03197     0.04365     0.06048     0.04820     0.18430
    -3.52288     0.03161     0.04350     0.05993     0.04807     0.18311
    -3.51188     0.03126     0.04335     0.05942     0.04797     0.18200
    -3.50188     0.03092     0.04320     0.05894     0.04790     0.18096
    -3.49188     0.03058     0.04306     0.05849     0.04785     0.17998
    -3.48088     0.03025     0.04293     0.05808     0.04782     0.17908
    -3.47088     0.02994     0.04278     0.05769     0.04783     0.17824
    -3.46088     0.02963     0.04263     0.05733     0.04785     0.17744
    -3.45088     0.02934     0.04248     0.05700     0.04790     0.17672
    -3.43988     0.02907     0.04233     0.05672     0.04800     0.17612
    -3.42988     0.02882     0.04219     0.05647     0.04812     0.17560
    -3.41988     0.02858     0.04204     0.05624     0.04826     0.17512
    -3.40888     0.02835     0.04189     0.05607     0.04842     0.17473
    -3.39888     0.02813     0.04176     0.05596     0.04861     0.17446
    -3.38888     0.02792     0.04164     0.05591     0.04882     0.17429
    -3.37788     0.02773     0.04154     0.05595     0.04905     0.17427
    -3.36788     0.02763     0.04180     0.05634     0.04949     0.17526
    -3.35788     0.02771     0.04227     0.05711     0.05014     0.17723
    -3.34788     0.02774     0.04283     0.05807     0.05083     0.17947
    -3.33688     0.02779     0.04343     0.05909     0.05156     0.18187
    -3.32688     0.02787     0.04406     0.06017     0.05233     0.18443
    -3.31688     0.02798     0.04473     0.06132     0.05312     0.18715
    -3.30588     0.02809     0.04542     0.06235     0.05390     0.18976
    -3.29588     0.02821     0.04615     0.06341     0.05469     0.19246
    -3.28588     0.02833     0.04691     0.06449     0.05550     0.19523
    -3.27488     0.02843     0.04769     0.06560     0.05633     0.19805
    -3.26488     0.02853     0.04850     0.06675     0.05720     0.20098
    -3.25488     0.02863     0.04937     0.06794     0.05805     0.20399
    -3.24488     0.02872     0.05024     0.06914     0.05892     0.20702
    -3.23388     0.02881     0.05112     0.07034     0.05981     0.21008
    -3.22388     0.02923     0.05245     0.07217     0.06122     0.21507
    -3.21388     0.02994     0.05405     0.07463     0.06274     0.22136
    -3.20288     0.03049     0.05543     0.07680     0.06411     0.22683
    -3.19288     0.03083     0.05661     0.07841     0.06550     0.23135
    -3.18288     0.03097     0.05753     0.07954     0.06669     0.23473
    -3.17188     0.03096     0.05824     0.08034     0.06768     0.23722
    -3.16188     0.03084     0.05885     0.08095     0.06860     0.23924
    -3.15188     0.03077     0.05970     0.08184     0.06981     0.24212
    -3.14188     0.03072     0.06061     0.08280     0.07111     0.24524
    -3.13088     0.03070     0.06157     0.08384     0.07250     0.24861
    -3.12088     0.03070     0.06257     0.08497     0.07397     0.25221
    -3.11088     0.03071     0.06363     0.08618     0.07553     0.25605
    -3.09988     0.03075     0.06473     0.08749     0.07716     0.26013
    -3.08988     0.03078     0.06584     0.08883     0.07879     0.26424
    -3.07988     0.03079     0.06694     0.09022     0.08037     0.26832
    -3.06888     0.03078     0.06801     0.09151     0.08191     0.27221
    -3.05888     0.03047     0.06568     0.08689     0.08028     0.26332
    -3.04888     0.03023     0.06413     0.08423     0.07905     0.25764
    -3.03888     0.02999     0.06264     0.08175     0.07793     0.25231
    -3.02788     0.02976     0.06119     0.07945     0.07690     0.24730
    -3.01788     0.02956     0.05983     0.07747     0.07605     0.24291
    -3.00788     0.02942     0.05864     0.07594     0.07543     0.23943
    -2.99688     0.02931     0.05761     0.07476     0.07499     0.23667
    -2.98688     0.02931     0.05716     0.07460     0.07488     0.23595
    -2.97688     0.02930     0.05703     0.07486     0.07500     0.23619
    -2.96588     0.02925     0.05714     0.07540     0.07538     0.23717
    -2.95588     0.02915     0.05750     0.07620     0.07601     0.23886
    -2.94588     0.02901     0.05810     0.07728     0.07690     0.24129
    -2.93588     0.02883     0.05895     0.07863     0.07804     0.24445
    -2.92488     0.02780     0.05675     0.07611     0.07357     0.23423
    -2.91488     0.02744     0.06227     0.08782     0.08926     0.26679
    -2.90488     0.02673     0.05881     0.08194     0.07994     0.24742
    -2.89388     0.02604     0.05477     0.07510     0.06905     0.22496
    -2.88388     0.02559     0.05421     0.07488     0.06747     0.22215
    -2.87388     0.02520     0.05371     0.07478     0.06599     0.21968
    -2.86288     0.02488     0.05328     0.07484     0.06463     0.21763
    -2.85288     0.02462     0.05342     0.07546     0.06367     0.21717
    -2.84288     0.02444     0.05526     0.07792     0.06406     0.22168
    -2.83288     0.02434     0.05813     0.08180     0.06556     0.22983
    -2.82188     0.02441     0.06220     0.08697     0.06840     0.24198
    -2.81188     0.02467     0.06751     0.09318     0.07258     0.25794
    -2.80188     0.02510     0.07402     0.10040     0.07806     0.27758
    -2.79088     0.02561     0.07758     0.10290     0.08268     0.28877
    -2.78088     0.02626     0.08103     0.10530     0.08687     0.29946
    -2.77088     0.02695     0.08259     0.10680     0.08812     0.30446
    -2.75988     0.02767     0.08541     0.10860     0.09012     0.31180
    -2.74988     0.02839     0.09055     0.11230     0.09311     0.32435
    -2.73988     0.02886     0.09478     0.11510     0.09559     0.33433
    -2.72988     0.02884     0.09535     0.11480     0.09415     0.33314
    -2.71888     0.02821     0.09583     0.11380     0.09134     0.32918
    -2.70888     0.02784     0.09773     0.11380     0.08865     0.32802
    -2.69888     0.02718     0.09424     0.11110     0.08373     0.31625
    -2.68788     0.02646     0.08865     0.10720     0.07884     0.30115
    -2.67788     0.02524     0.08273     0.10210     0.07389     0.28396
    -2.66788     0.02359     0.07679     0.09617     0.06867     0.26522
    -2.65688     0.02209     0.07175     0.09078     0.06403     0.24865
    -2.64688     0.02080     0.06797     0.08619     0.06033     0.23529
    -2.63688     0.01973     0.06535     0.08236     0.05759     0.22503
    -2.62688     0.01890     0.06362     0.07907     0.05571     0.21730
    -2.61588     0.01830     0.06276     0.07627     0.05469     0.21202
    -2.60588     0.01795     0.06321     0.07445     0.05473     0.21034
    -2.59588     0.01789     0.06533     0.07409     0.05661     0.21392
    -2.58488     0.01792     0.06806     0.07413     0.05915     0.21926
    -2.57488     0.01801     0.07108     0.07432     0.06191     0.22532
    -2.56488     0.01820     0.07446     0.07464     0.06509     0.23239
    -2.55388     0.01852     0.07821     0.07510     0.06867     0.24050
    -2.54388     0.01897     0.08233     0.07570     0.07264     0.24964
    -2.53388     0.01954     0.08682     0.07643     0.07702     0.25981
    -2.52388     0.02036     0.09441     0.07754     0.08457     0.27688
    -2.51288     0.02180     0.11050     0.07980     0.10080     0.31290
    -2.50288     0.02312     0.12090     0.08187     0.11150     0.33739
    -2.49288     0.02419     0.12690     0.08340     0.11840     0.35289
    -2.48188     0.02566     0.12730     0.08392     0.12040     0.35728
    -2.47188     0.02636     0.11960     0.08337     0.11400     0.34333
    -2.46188     0.02395     0.10990     0.08313     0.10220     0.31918
    -2.45088     0.02320     0.10670     0.08419     0.09628     0.31037
    -2.44088     0.02097     0.09807     0.08043     0.09145     0.29092
    -2.43088     0.01954     0.09227     0.07747     0.08731     0.27659
    -2.42088     0.01867     0.08804     0.07542     0.08371     0.26584
    -2.40988     0.01804     0.08457     0.07392     0.08058     0.25711
    -2.39988     0.01757     0.08179     0.07289     0.07791     0.25016
    -2.38988     0.02065     0.08743     0.07962     0.08264     0.27034
    -2.37888     0.02343     0.09606     0.08831     0.08532     0.29312
    -2.36888     0.02022     0.08568     0.08090     0.07903     0.26583
    -2.35888     0.02031     0.08461     0.08152     0.07823     0.26467
    -2.34788     0.02024     0.08449     0.08203     0.07780     0.26456
    -2.33788     0.01995     0.08469     0.08188     0.07741     0.26393
    -2.32788     0.01939     0.08482     0.08147     0.07654     0.26222
    -2.31788     0.01902     0.08512     0.08131     0.07614     0.26159
    -2.30688     0.01892     0.08563     0.08154     0.07638     0.26247
    -2.29688     0.01884     0.08622     0.08187     0.07665     0.26358
    -2.28688     0.01877     0.08686     0.08231     0.07692     0.26486
    -2.27588     0.01870     0.08755     0.08280     0.07726     0.26631
    -2.26588     0.01862     0.08830     0.08335     0.07766     0.26793
    -2.25588     0.01855     0.08911     0.08396     0.07813     0.26975
    -2.24488     0.01848     0.08997     0.08462     0.07866     0.27173
    -2.23488     0.01840     0.09088     0.08534     0.07925     0.27387
    -2.22488     0.01835     0.09207     0.08646     0.08016     0.27704
    -2.21488     0.01832     0.09357     0.08776     0.08126     0.28091
    -2.20388     0.01827     0.09528     0.08886     0.08239     0.28480
    -2.19388     0.01822     0.09762     0.08978     0.08395     0.28957
    -2.18388     0.01827     0.10130     0.09096     0.08639     0.29692
    -2.17288     0.01853     0.10680     0.09297     0.08974     0.30804
    -2.16288     0.01900     0.11370     0.09588     0.09361     0.32219
    -2.15288     0.01968     0.12180     0.09968     0.09779     0.33895
    -2.14188     0.02085     0.13270     0.10430     0.10250     0.36035
    -2.13188     0.02061     0.13560     0.10380     0.10420     0.36421
    -2.12188     0.01959     0.13250     0.10040     0.10290     0.35539
    -2.11188     0.01917     0.13060     0.09865     0.10100     0.34942
    -2.10088     0.01876     0.12790     0.09701     0.09907     0.34274
    -2.09088     0.01832     0.12560     0.09494     0.09730     0.33616
    -2.08088     0.01784     0.12240     0.09249     0.09507     0.32780
    -2.06988     0.01733     0.11860     0.08967     0.09242     0.31802
    -2.05988     0.01678     0.11420     0.08646     0.08959     0.30703
    -2.04988     0.01621     0.10940     0.08299     0.08666     0.29526
    -2.03888     0.01574     0.10460     0.07951     0.08524     0.28509
    -2.02888     0.01540     0.09976     0.07570     0.08508     0.27594
    -2.01888     0.01506     0.09615     0.07183     0.08489     0.26793
    -2.00888     0.01469     0.09276     0.06817     0.08425     0.25987
    -1.99788     0.01429     0.08960     0.06471     0.08316     0.25176
    -1.98788     0.01388     0.08633     0.06141     0.08133     0.24295
    -1.97788     0.01349     0.08334     0.05844     0.07966     0.23493
    -1.96688     0.01310     0.08066     0.05582     0.07820     0.22778
    -1.95688     0.01268     0.07848     0.05365     0.07695     0.22176
    -1.94688     0.01231     0.07694     0.05208     0.07596     0.21729
    -1.93588     0.01202     0.07590     0.05108     0.07525     0.21425
    -1.92588     0.01182     0.07536     0.05064     0.07483     0.21265
    -1.91588     0.01168     0.07524     0.05064     0.07464     0.21220
    -1.90588     0.01157     0.07531     0.05082     0.07453     0.21223
    -1.89488     0.01151     0.07653     0.05107     0.07528     0.21439
    -1.88488     0.01155     0.07902     0.05197     0.07670     0.21924
    -1.87488     0.01147     0.07948     0.05209     0.07681     0.21985
    -1.86388     0.01137     0.07949     0.05206     0.07661     0.21953
    -1.85388     0.01128     0.07960     0.05213     0.07644     0.21945
    -1.84388     0.01120     0.07989     0.05238     0.07630     0.21977
    -1.83288     0.01113     0.08039     0.05285     0.07620     0.22057
    -1.82288     0.01107     0.08109     0.05352     0.07612     0.22180
    -1.81288     0.01103     0.08203     0.05443     0.07621     0.22370
    -1.80288     0.01100     0.08331     0.05556     0.07673     0.22660
    -1.79188     0.01094     0.08526     0.05667     0.07842     0.23129
    -1.78188     0.01096     0.08701     0.05835     0.07851     0.23483
    -1.77188     0.01100     0.08933     0.06036     0.07882     0.23951
    -1.76088     0.01108     0.09227     0.06271     0.07939     0.24545
    -1.75088     0.01114     0.09524     0.06494     0.07999     0.25131
    -1.74088     0.01108     0.09649     0.06535     0.08003     0.25295
    -1.72988     0.01106     0.09823     0.06567     0.08097     0.25593
    -1.71988     0.01108     0.10050     0.06622     0.08254     0.26034
    -1.70988     0.01111     0.10300     0.06683     0.08439     0.26533
    -1.69988     0.01114     0.10570     0.06750     0.08656     0.27090
    -1.68888     0.01118     0.10840     0.06823     0.08912     0.27693
    -1.67888     0.01122     0.11030     0.06898     0.09084     0.28134
    -1.66888     0.01122     0.10930     0.06961     0.08935     0.27948
    -1.65788     0.01122     0.10790     0.07025     0.08748     0.27685
    -1.64788     0.01126     0.10860     0.07109     0.08802     0.27897
    -1.63788     0.01127     0.10920     0.07196     0.08829     0.28072
    -1.62688     0.01125     0.10930     0.07236     0.08822     0.28113
    -1.61688     0.01124     0.10920     0.07282     0.08802     0.28128
    -1.60688     0.01118     0.10850     0.07300     0.08745     0.28013
    -1.59688     0.01107     0.10740     0.07288     0.08653     0.27788
    -1.58588     0.01091     0.10600     0.07250     0.08554     0.27495
    -1.57588     0.01074     0.10470     0.07191     0.08476     0.27211
    -1.56588     0.01060     0.10360     0.07131     0.08386     0.26937
    -1.55488     0.01045     0.10260     0.07082     0.08295     0.26682
    -1.54488     0.01030     0.10170     0.07036     0.08206     0.26442
    -1.53488     0.01014     0.10070     0.06987     0.08117     0.26188
    -1.52388     0.00997     0.09962     0.06936     0.08027     0.25922
    -1.51388     0.00979     0.09852     0.06885     0.07936     0.25653
    -1.50388     0.00962     0.09748     0.06838     0.07846     0.25394
    -1.49388     0.00944     0.09648     0.06796     0.07757     0.25145
    -1.48288     0.00927     0.09555     0.06757     0.07667     0.24906
    -1.47288     0.00917     0.09476     0.06717     0.07569     0.24679
    -1.46288     0.00907     0.09404     0.06682     0.07474     0.24467
    -1.45188     0.00919     0.09388     0.06818     0.07463     0.24588
    -1.44188     0.00930     0.09383     0.06946     0.07453     0.24712
    -1.43188     0.00937     0.09390     0.07060     0.07441     0.24828
    -1.42088     0.00941     0.09409     0.07157     0.07427     0.24934
    -1.41088     0.00940     0.09451     0.07244     0.07401     0.25036
    -1.40088     0.00932     0.09482     0.07262     0.07326     0.25002
    -1.39088     0.00915     0.09479     0.07206     0.07207     0.24807
    -1.37988     0.00891     0.09435     0.07095     0.07069     0.24490
    -1.36988     0.00861     0.09378     0.06934     0.06899     0.24072
    -1.35988     0.00823     0.09309     0.06722     0.06697     0.23552
    -1.34888     0.00779     0.09227     0.06459     0.06464     0.22929
    -1.33888     0.00771     0.09227     0.06399     0.06418     0.22815
    -1.32888     0.00763     0.09230     0.06343     0.06365     0.22701
    -1.31788     0.00756     0.09247     0.06297     0.06313     0.22613
    -1.30788     0.00751     0.09296     0.06278     0.06277     0.22602
    -1.29788     0.00748     0.09437     0.06272     0.06329     0.22786
    -1.28788     0.00746     0.09680     0.06273     0.06491     0.23190
    -1.27688     0.00745     0.09997     0.06280     0.06735     0.23757
    -1.26688     0.00745     0.10390     0.06294     0.07061     0.24490
    -1.25688     0.00751     0.12290     0.06877     0.07950     0.27868
    -1.24588     0.00760     0.14680     0.07413     0.09408     0.32261
    -1.23588     0.00770     0.17400     0.07827     0.11410     0.37407
    -1.22588     0.00776     0.18700     0.07358     0.12930     0.39764
    -1.21488     0.00728     0.16140     0.06702     0.11020     0.34590
    -1.20488     0.00691     0.14170     0.06179     0.09880     0.30920
    -1.19488     0.00638     0.10950     0.05588     0.07159     0.24335
    -1.18488     0.00626     0.09804     0.05101     0.06362     0.21893
    -1.17388     0.00617     0.09376     0.04840     0.06129     0.20962
    -1.16388     0.00609     0.08997     0.04613     0.05926     0.20144
    -1.15388     0.00601     0.08661     0.04412     0.05750     0.19424
    -1.14288     0.00593     0.08365     0.04239     0.05601     0.18798
    -1.13288     0.00586     0.08112     0.04093     0.05478     0.18269
    -1.12288     0.00579     0.07900     0.03975     0.05382     0.17836
    -1.11288     0.00573     0.07730     0.03883     0.05312     0.17498
    -1.10188     0.00568     0.07579     0.03797     0.05264     0.17207
    -1.09188     0.00567     0.07482     0.03721     0.05313     0.17083
    -1.08188     0.00570     0.07415     0.03655     0.05414     0.17054
    -1.07088     0.00572     0.07329     0.03585     0.05484     0.16970
    -1.06088     0.00571     0.07226     0.03511     0.05522     0.16830
    -1.05088     0.00568     0.07105     0.03434     0.05529     0.16636
    -1.03988     0.00564     0.06965     0.03354     0.05502     0.16385
    -1.02988     0.00557     0.06808     0.03270     0.05445     0.16080
    -1.01988     0.00548     0.06634     0.03183     0.05355     0.15720
    -1.00988     0.00538     0.06443     0.03091     0.05235     0.15307
    -0.99888     0.00525     0.06236     0.02996     0.05083     0.14840
    -0.98888     0.00511     0.06020     0.02899     0.04907     0.14337
    -0.97888     0.00502     0.05917     0.02828     0.04849     0.14096
    -0.96788     0.00493     0.05809     0.02756     0.04783     0.13841
    -0.95788     0.00484     0.05694     0.02685     0.04711     0.13574
    -0.94788     0.00474     0.05573     0.02614     0.04632     0.13293
    -0.93688     0.00464     0.05445     0.02543     0.04546     0.12998
    -0.92688     0.00453     0.05362     0.02473     0.04464     0.12752
    -0.91688     0.00441     0.05303     0.02409     0.04385     0.12538
    -0.90688     0.00430     0.05243     0.02352     0.04303     0.12327
    -0.89588     0.00421     0.05200     0.02311     0.04267     0.12199
    -0.88588     0.00414     0.05151     0.02276     0.04239     0.12080
    -0.87588     0.00407     0.05087     0.02241     0.04196     0.11931
    -0.86488     0.00400     0.05008     0.02205     0.04138     0.11751
    -0.85488     0.00392     0.04913     0.02170     0.04065     0.11540
    -0.84488     0.00385     0.04862     0.02140     0.04028     0.11415
    -0.83388     0.00379     0.04941     0.02116     0.04111     0.11547
    -0.82388     0.00374     0.05027     0.02092     0.04198     0.11691
    -0.81388     0.00369     0.05083     0.02068     0.04251     0.11771
    -0.80388     0.00360     0.04920     0.02035     0.04112     0.11427
    -0.79288     0.00349     0.04702     0.02000     0.03927     0.10978
    -0.78288     0.00338     0.04472     0.01965     0.03733     0.10508
    -0.77288     0.00327     0.04228     0.01928     0.03530     0.10013
    -0.76188     0.00320     0.04151     0.01900     0.03472     0.09843
    -0.75188     0.00314     0.04102     0.01872     0.03437     0.09725
    -0.74188     0.00308     0.04053     0.01845     0.03403     0.09609
    -0.73088     0.00310     0.04100     0.01848     0.03520     0.09778
    -0.72088     0.00315     0.04180     0.01859     0.03690     0.10044
    -0.71088     0.00317     0.04210     0.01856     0.03782     0.10165
    -0.70088     0.00315     0.04190     0.01839     0.03797     0.10141
    -0.68988     0.00309     0.04120     0.01808     0.03732     0.09969
    -0.67988     0.00299     0.04000     0.01764     0.03590     0.09653
    -0.66988     0.00285     0.03831     0.01706     0.03369     0.09191
    -0.65888     0.00275     0.03739     0.01661     0.03264     0.08939
    -0.64888     0.00268     0.03686     0.01623     0.03220     0.08797
    -0.63888     0.00262     0.03631     0.01583     0.03174     0.08650
    -0.62788     0.00255     0.03575     0.01542     0.03128     0.08500
    -0.61788     0.00248     0.03517     0.01499     0.03081     0.08345
    -0.60788     0.00242     0.03457     0.01455     0.03033     0.08187
    -0.59788     0.00235     0.03395     0.01409     0.02984     0.08023
    -0.58688     0.00228     0.03331     0.01362     0.02934     0.07855
    -0.57688     0.00222     0.03266     0.01313     0.02884     0.07685
    -0.56688     0.00215     0.03200     0.01267     0.02832     0.07514
    -0.55588     0.00209     0.03134     0.01236     0.02772     0.07351
    -0.54588     0.00204     0.03138     0.01207     0.02750     0.07299
    -0.53588     0.00199     0.03148     0.01179     0.02735     0.07261
    -0.52488     0.00194     0.03147     0.01153     0.02720     0.07214
    -0.51488     0.00188     0.03136     0.01129     0.02705     0.07158
    -0.50488     0.00183     0.03115     0.01107     0.02689     0.07094
    -0.49488     0.00178     0.03082     0.01085     0.02667     0.07012
    -0.48388     0.00172     0.03032     0.01064     0.02628     0.06896
    -0.47388     0.00167     0.02966     0.01044     0.02573     0.06750
    -0.46388     0.00161     0.02883     0.01023     0.02502     0.06569
    -0.45288     0.00145     0.02526     0.00990     0.02202     0.05863
    -0.44288     0.00136     0.02355     0.00967     0.02058     0.05516
    -0.43288     0.00132     0.02305     0.00950     0.02012     0.05399
    -0.42188     0.00127     0.02256     0.00934     0.01969     0.05287
    -0.41188     0.00122     0.02210     0.00919     0.01926     0.05178
    -0.40188     0.00118     0.02165     0.00905     0.01885     0.05073
    -0.39188     0.00113     0.02123     0.00891     0.01845     0.04972
    -0.38088     0.00109     0.02082     0.00878     0.01807     0.04876
    -0.37088     0.00105     0.02043     0.00865     0.01770     0.04783
    -0.36088     0.00100     0.02006     0.00854     0.01735     0.04695
    -0.34988     0.00111     0.02177     0.00937     0.01981     0.05206
    -0.33988     0.00120     0.02339     0.01047     0.02206     0.05712
    -0.32988     0.00125     0.02426     0.01128     0.02328     0.06007
    -0.31888     0.00124     0.02438     0.01173     0.02346     0.06081
    -0.30888     0.00118     0.02375     0.01183     0.02260     0.05936
    -0.29888     0.00107     0.02237     0.01157     0.02070     0.05571
    -0.28888     0.00095     0.02115     0.01119     0.01894     0.05223
    -0.27788     0.00087     0.02005     0.01093     0.01778     0.04963
    -0.26788     0.00078     0.01863     0.01055     0.01632     0.04628
    -0.25788     0.00070     0.01728     0.01011     0.01492     0.04301
    -0.24688     0.00062     0.01600     0.00959     0.01357     0.03978
    -0.23688     0.00054     0.01478     0.00900     0.01229     0.03661
    -0.22688     0.00047     0.01362     0.00834     0.01105     0.03348
    -0.21588     0.00041     0.01252     0.00761     0.00988     0.03042
    -0.20588     0.00035     0.01149     0.00681     0.00876     0.02741
    -0.19588     0.00030     0.01055     0.00598     0.00772     0.02455
    -0.18588     0.00026     0.00986     0.00534     0.00697     0.02243
    -0.17488     0.00023     0.00956     0.00500     0.00654     0.02134
    -0.16488     0.00020     0.00979     0.00489     0.00636     0.02124
    -0.15488     0.00018     0.00986     0.00474     0.00612     0.02089
    -0.14388     0.00015     0.00977     0.00454     0.00583     0.02029
    -0.13388     0.00013     0.00951     0.00431     0.00548     0.01943
    -0.12388     0.00011     0.00910     0.00403     0.00508     0.01832
    -0.11288     0.00009     0.00853     0.00371     0.00463     0.01695
    -0.10288     0.00007     0.00779     0.00334     0.00412     0.01532
    -0.09288     0.00005     0.00690     0.00294     0.00355     0.01345
    -0.08288     0.00004     0.00585     0.00249     0.00294     0.01131
    -0.07188     0.00003     0.00463     0.00200     0.00226     0.00892
    -0.06188     0.00002     0.00326     0.00147     0.00154     0.00628
    -0.05188     0.00001     0.00172     0.00089     0.00076     0.00338
    -0.04088     0.00000     0.00068     0.00045     0.00026     0.00139
    -0.05188     0.00001     0.00172     0.00089     0.00076     0.00338
    -0.04088     0.00000     0.00068     0.00045     0.00026     0.00139
    -0.03088     0.00000     0.00033     0.00022     0.00013     0.00068
    -0.02088     0.00000     0.00011     0.00007     0.00004     0.00023
    -0.00988     0.00000     0.00001     0.00000     0.00000     0.00001
     0.00012     0.00000     0.00000     0.00000     0.00000     0.00000
     0.01012     0.00000     0.00000     0.00000     0.00000     0.00000
     0.02012     0.00000     0.00000     0.00000     0.00000     0.00000
     0.03112     0.00000     0.00000     0.00000     0.00000     0.00000
     0.04112     0.00000     0.00000     0.00000     0.00000     0.00000
     0.05112     0.00000     0.00000     0.00000     0.00000     0.00000
     0.06212     0.00000     0.00000     0.00000     0.00000     0.00000
     0.07212     0.00000     0.00000     0.00000     0.00000     0.00000
     0.08212     0.00000     0.00000     0.00000     0.00000     0.00000
     0.09312     0.00000     0.00000     0.00000     0.00000     0.00000
     0.10312     0.00000     0.00000     0.00000     0.00000     0.00000
     0.11312     0.00000     0.00000     0.00000     0.00000     0.00000
     0.12312     0.00000     0.00000     0.00000     0.00000     0.00000
     0.13412     0.00000     0.00000     0.00000     0.00000     0.00000
     0.14412     0.00000     0.00000     0.00000     0.00000     0.00000
     0.15412     0.00000     0.00000     0.00000     0.00000     0.00000
     0.16512     0.00000     0.00000     0.00000     0.00000     0.00000
     0.17512     0.00000     0.00000     0.00000     0.00000     0.00000
     0.18512     0.00000     0.00000     0.00000     0.00000     0.00000
     0.19612     0.00000     0.00000     0.00000     0.00000     0.00000
     0.20612     0.00000     0.00000     0.00000     0.00000     0.00000
     0.21612     0.00000     0.00000     0.00000     0.00000     0.00000
     0.22612     0.00000     0.00000     0.00000     0.00000     0.00000
     0.23712     0.00000     0.00000     0.00000     0.00000     0.00000
     0.24712     0.00000     0.00000     0.00000     0.00000     0.00000
     0.25712     0.00000     0.00000     0.00000     0.00000     0.00000
     0.26812     0.00000     0.00000     0.00000     0.00000     0.00000
     0.27812     0.00000     0.00000     0.00000     0.00000     0.00000
     0.28812     0.00000     0.00000     0.00000     0.00000     0.00000
     0.29912     0.00000     0.00000     0.00000     0.00000     0.00000
     0.30912     0.00000     0.00000     0.00000     0.00000     0.00000
     0.31912     0.00000     0.00000     0.00000     0.00000     0.00000
     0.32912     0.00000     0.00000     0.00000     0.00000     0.00000
     0.34012     0.00000     0.00000     0.00000     0.00000     0.00000
     0.35012     0.00000     0.00000     0.00000     0.00000     0.00000
     0.36012     0.00000     0.00000     0.00000     0.00000     0.00000
     0.37112     0.00000     0.00000     0.00000     0.00000     0.00000
     0.38112     0.00000     0.00000     0.00000     0.00000     0.00000
     0.39112     0.00000     0.00000     0.00000     0.00000     0.00000
     0.40212     0.00000     0.00000     0.00000     0.00000     0.00000
     0.41212     0.00000     0.00000     0.00000     0.00000     0.00000
     0.42212     0.00000     0.00000     0.00000     0.00000     0.00000
     0.43212     0.00000     0.00000     0.00000     0.00000     0.00000
     0.44312     0.00000     0.00000     0.00000     0.00000     0.00000
     0.45312     0.00000     0.00000     0.00000     0.00000     0.00000
     0.46312     0.00000     0.00000     0.00000     0.00000     0.00000
     0.47412     0.00000     0.00000     0.00000     0.00000     0.00000
     0.48412     0.00000     0.00000     0.00000     0.00000     0.00000
     0.49412     0.00000     0.00000     0.00000     0.00000     0.00000
     0.50512     0.00000     0.00000     0.00000     0.00000     0.00000
     0.51512     0.00000     0.00000     0.00000     0.00000     0.00000
     0.52512     0.00000     0.00000     0.00000     0.00000     0.00000
     0.53512     0.00000     0.00000     0.00000     0.00000     0.00000
     0.54612     0.00000     0.00000     0.00000     0.00000     0.00000
     0.55612     0.00000     0.00000     0.00000     0.00000     0.00000
     0.56612     0.00000     0.00000     0.00000     0.00000     0.00000
     0.57712     0.00000     0.00000     0.00000     0.00000     0.00000
     0.58712     0.00000     0.00000     0.00000     0.00000     0.00000
     0.59712     0.00000     0.00000     0.00000     0.00000     0.00000
     0.60812     0.00000     0.00000     0.00000     0.00000     0.00000
     0.61812     0.00003     0.00000     0.00001     0.00002     0.00007
     0.62812     0.00028     0.00001     0.00008     0.00018     0.00056
     0.63812     0.00064     0.00002     0.00019     0.00041     0.00126
     0.64912     0.00100     0.00003     0.00030     0.00063     0.00197
     0.65912     0.00135     0.00005     0.00041     0.00086     0.00267
     0.66912     0.00170     0.00006     0.00051     0.00110     0.00338
     0.68012     0.00206     0.00008     0.00061     0.00133     0.00408
     0.69012     0.00241     0.00009     0.00071     0.00158     0.00479
     0.70012     0.00276     0.00011     0.00080     0.00182     0.00549
     0.71112     0.00310     0.00013     0.00088     0.00207     0.00619
     0.72112     0.00344     0.00015     0.00097     0.00231     0.00687
     0.73112     0.00377     0.00017     0.00104     0.00255     0.00753
     0.74112     0.00408     0.00019     0.00112     0.00279     0.00818
     0.75212     0.00439     0.00022     0.00119     0.00303     0.00883
     0.76212     0.00471     0.00027     0.00126     0.00328     0.00952
     0.77212     0.00505     0.00034     0.00134     0.00353     0.01026
     0.78312     0.00540     0.00042     0.00142     0.00380     0.01104
     0.79312     0.00575     0.00053     0.00151     0.00408     0.01187
     0.80312     0.00613     0.00066     0.00159     0.00437     0.01275
     0.81412     0.00651     0.00081     0.00168     0.00467     0.01367
     0.82412     0.00694     0.00098     0.00179     0.00499     0.01469
     0.83412     0.00924     0.00132     0.00287     0.00604     0.01947
     0.84412     0.01053     0.00163     0.00323     0.00703     0.02242
     0.85512     0.01203     0.00227     0.00346     0.00823     0.02600
     0.86512     0.01473     0.00364     0.00432     0.00947     0.03216
     0.87512     0.01475     0.00389     0.00441     0.00955     0.03259
     0.88612     0.01478     0.00406     0.00450     0.00958     0.03291
     0.89612     0.01481     0.00417     0.00458     0.00955     0.03311
     0.90612     0.01484     0.00420     0.00466     0.00949     0.03319
     0.91712     0.01488     0.00417     0.00474     0.00937     0.03316
     0.92712     0.01495     0.00408     0.00481     0.00925     0.03309
     0.93712     0.01515     0.00394     0.00484     0.00928     0.03322
     0.94712     0.01535     0.00374     0.00482     0.00933     0.03325
     0.95812     0.01552     0.00348     0.00475     0.00938     0.03312
     0.96812     0.01559     0.00314     0.00461     0.00936     0.03270
     0.97812     0.01572     0.00295     0.00455     0.00938     0.03259
     0.98912     0.01596     0.00301     0.00466     0.00950     0.03313
     0.99912     0.01616     0.00308     0.00476     0.00960     0.03360
     1.00912     0.01633     0.00314     0.00486     0.00968     0.03401
     1.02012     0.01646     0.00320     0.00494     0.00976     0.03436
     1.03012     0.01657     0.00327     0.00501     0.00982     0.03466
     1.04012     0.01664     0.00333     0.00507     0.00987     0.03490
     1.05012     0.01669     0.00339     0.00512     0.00990     0.03510
     1.06112     0.01669     0.00345     0.00516     0.00992     0.03522
     1.07112     0.01664     0.00351     0.00516     0.00995     0.03526
     1.08112     0.01661     0.00359     0.00516     0.01001     0.03536
     1.09212     0.01667     0.00366     0.00520     0.01012     0.03565
     1.10212     0.01682     0.00374     0.00528     0.01027     0.03612
     1.11212     0.01706     0.00382     0.00540     0.01046     0.03674
     1.12312     0.01730     0.00390     0.00552     0.01067     0.03740
     1.13312     0.01745     0.00396     0.00561     0.01087     0.03789
     1.14312     0.01746     0.00399     0.00566     0.01106     0.03817
     1.15312     0.01762     0.00409     0.00579     0.01131     0.03880
     1.16412     0.01795     0.00424     0.00599     0.01159     0.03977
     1.17412     0.01833     0.00445     0.00618     0.01191     0.04087
     1.18412     0.01865     0.00466     0.00631     0.01225     0.04187
     1.19512     0.01900     0.00487     0.00645     0.01260     0.04292
     1.20512     0.01941     0.00509     0.00660     0.01295     0.04406
     1.21512     0.01987     0.00532     0.00677     0.01330     0.04526
     1.22612     0.02036     0.00555     0.00695     0.01366     0.04652
     1.23612     0.02089     0.00579     0.00714     0.01402     0.04784
     1.24612     0.02146     0.00603     0.00735     0.01439     0.04923
     1.25612     0.02200     0.00625     0.00756     0.01473     0.05054
     1.26712     0.02214     0.00631     0.00768     0.01490     0.05103
     1.27712     0.02180     0.00617     0.00771     0.01487     0.05054
     1.28712     0.02119     0.00591     0.00767     0.01471     0.04948
     1.29812     0.02144     0.00600     0.00781     0.01493     0.05017
     1.30812     0.02172     0.00609     0.00795     0.01514     0.05090
     1.31812     0.02202     0.00619     0.00809     0.01536     0.05166
     1.32912     0.02233     0.00630     0.00825     0.01557     0.05244
     1.33912     0.02267     0.00641     0.00840     0.01578     0.05326
     1.34912     0.02302     0.00653     0.00857     0.01599     0.05411
     1.35912     0.02339     0.00665     0.00874     0.01620     0.05498
     1.37012     0.02377     0.00678     0.00891     0.01640     0.05586
     1.38012     0.02418     0.00691     0.00909     0.01661     0.05679
     1.39012     0.02459     0.00705     0.00927     0.01681     0.05772
     1.40112     0.02503     0.00720     0.00946     0.01700     0.05869
     1.41112     0.02548     0.00735     0.00965     0.01718     0.05965
     1.42112     0.02594     0.00751     0.00984     0.01737     0.06066
     1.43212     0.02737     0.00774     0.01067     0.01792     0.06370
     1.44212     0.03045     0.00813     0.01258     0.01911     0.07027
     1.45212     0.03102     0.00835     0.01281     0.01955     0.07173
     1.46212     0.03170     0.00860     0.01305     0.02015     0.07350
     1.47312     0.03252     0.00888     0.01332     0.02091     0.07563
     1.48312     0.03142     0.00872     0.01258     0.02051     0.07323
     1.49312     0.03134     0.00848     0.01262     0.02054     0.07298
     1.50412     0.03168     0.00850     0.01279     0.02078     0.07375
     1.51412     0.03211     0.00858     0.01297     0.02104     0.07470
     1.52412     0.03257     0.00865     0.01316     0.02129     0.07567
     1.53512     0.03307     0.00873     0.01334     0.02153     0.07667
     1.54512     0.03357     0.00881     0.01352     0.02178     0.07768
     1.55512     0.03402     0.00887     0.01368     0.02205     0.07862
     1.56512     0.03457     0.00895     0.01387     0.02232     0.07971
     1.57612     0.03521     0.00904     0.01407     0.02258     0.08090
     1.58612     0.03594     0.00913     0.01427     0.02282     0.08216
     1.59612     0.03676     0.00920     0.01446     0.02303     0.08345
     1.60712     0.03782     0.00931     0.01474     0.02335     0.08522
     1.61712     0.03897     0.00943     0.01503     0.02369     0.08712
     1.62712     0.04020     0.00957     0.01533     0.02405     0.08915
     1.63812     0.04150     0.00974     0.01564     0.02441     0.09129
     1.64812     0.04288     0.00991     0.01598     0.02479     0.09356
     1.65812     0.04437     0.01008     0.01632     0.02517     0.09594
     1.66812     0.04594     0.01026     0.01669     0.02556     0.09845
     1.67912     0.04761     0.01044     0.01707     0.02596     0.10108
     1.68912     0.04937     0.01063     0.01747     0.02636     0.10383
     1.69912     0.05122     0.01082     0.01788     0.02677     0.10669
     1.71012     0.06181     0.01168     0.01920     0.02822     0.12091
     1.72012     0.06332     0.01193     0.01972     0.02878     0.12375
     1.73012     0.05364     0.01139     0.01925     0.02825     0.11253
     1.74112     0.05462     0.01158     0.01970     0.02867     0.11457
     1.75112     0.05590     0.01179     0.02020     0.02915     0.11704
     1.76112     0.05726     0.01202     0.02072     0.02966     0.11966
     1.77112     0.05868     0.01225     0.02127     0.03021     0.12241
     1.78212     0.06020     0.01249     0.02184     0.03079     0.12532
     1.79212     0.06194     0.01276     0.02247     0.03146     0.12863
     1.80212     0.06377     0.01304     0.02312     0.03214     0.13207
     1.81312     0.06436     0.01309     0.02308     0.03159     0.13212
     1.82312     0.06498     0.01315     0.02302     0.03099     0.13214
     1.83312     0.06636     0.01330     0.02329     0.03084     0.13379
     1.84412     0.06835     0.01345     0.02361     0.03052     0.13593
     1.85412     0.06957     0.01314     0.02371     0.03005     0.13647
     1.86412     0.07111     0.01322     0.02416     0.02978     0.13827
     1.87412     0.07337     0.01333     0.02548     0.02987     0.14205
     1.88512     0.07514     0.01344     0.02664     0.03011     0.14533
     1.89512     0.07641     0.01356     0.02765     0.03049     0.14811
     1.90512     0.07708     0.01365     0.02845     0.03085     0.15003
     1.91612     0.07615     0.01368     0.02818     0.03104     0.14905
     1.92612     0.07593     0.01376     0.02798     0.03130     0.14897
     1.93612     0.07614     0.01386     0.02804     0.03162     0.14966
     1.94712     0.07675     0.01397     0.02836     0.03200     0.15108
     1.95712     0.07768     0.01410     0.02889     0.03244     0.15311
     1.96712     0.07868     0.01424     0.02945     0.03291     0.15528
     1.97712     0.07971     0.01435     0.03001     0.03336     0.15743
     1.98812     0.08079     0.01448     0.03059     0.03384     0.15970
     1.99812     0.08194     0.01461     0.03119     0.03433     0.16207
     2.00812     0.08315     0.01475     0.03180     0.03485     0.16455
     2.01912     0.08442     0.01491     0.03243     0.03539     0.16715
     2.02912     0.08577     0.01509     0.03314     0.03609     0.17009
     2.03912     0.08503     0.01522     0.03261     0.03664     0.16950
     2.05012     0.08511     0.01542     0.03258     0.03728     0.17039
     2.06012     0.08634     0.01571     0.03325     0.03806     0.17336
     2.07012     0.08769     0.01602     0.03397     0.03888     0.17656
     2.08012     0.08911     0.01637     0.03471     0.03971     0.17990
     2.09112     0.09062     0.01675     0.03547     0.04057     0.18341
     2.10112     0.09926     0.01742     0.03835     0.04362     0.19865
     2.11112     0.11380     0.01831     0.04283     0.04803     0.22297
     2.12212     0.12330     0.01901     0.04599     0.05068     0.23898
     2.13212     0.12600     0.01945     0.04740     0.05124     0.24409
     2.14212     0.12360     0.01975     0.04731     0.05060     0.24126
     2.15312     0.11790     0.01996     0.04615     0.04950     0.23351
     2.16312     0.11060     0.02012     0.04448     0.04818     0.22338
     2.17312     0.10870     0.02045     0.04456     0.04786     0.22157
     2.18312     0.10790     0.02078     0.04483     0.04772     0.22123
     2.19412     0.10760     0.02108     0.04516     0.04767     0.22151
     2.20412     0.10710     0.02133     0.04543     0.04757     0.22143
     2.21412     0.10690     0.02170     0.04576     0.04753     0.22189
     2.22512     0.10670     0.02212     0.04609     0.04750     0.22241
     2.23512     0.10680     0.02252     0.04649     0.04751     0.22332
     2.24512     0.10710     0.02287     0.04693     0.04750     0.22440
     2.25612     0.10720     0.02314     0.04734     0.04746     0.22514
     2.26612     0.10720     0.02333     0.04773     0.04739     0.22565
     2.27612     0.10700     0.02346     0.04811     0.04730     0.22587
     2.28612     0.10680     0.02359     0.04852     0.04727     0.22618
     2.29712     0.10640     0.02366     0.04893     0.04725     0.22624
     2.30712     0.10600     0.02368     0.04935     0.04723     0.22626
     2.31712     0.10540     0.02364     0.04977     0.04721     0.22602
     2.32812     0.10330     0.02327     0.04973     0.04701     0.22331
     2.33812     0.10120     0.02284     0.04976     0.04679     0.22059
     2.34812     0.10010     0.02295     0.05038     0.04758     0.22101
     2.35912     0.09919     0.02271     0.05081     0.04776     0.22047
     2.36912     0.09872     0.02242     0.05145     0.04762     0.22021
     2.37912     0.10180     0.02226     0.05566     0.04796     0.22768
     2.38912     0.10740     0.02223     0.06206     0.04864     0.24033
     2.40012     0.11520     0.02234     0.07080     0.04932     0.25766
     2.41012     0.11950     0.02247     0.07529     0.04956     0.26682
     2.42012     0.11770     0.02258     0.07210     0.04992     0.26230
     2.43112     0.10970     0.02255     0.06103     0.04966     0.24294
     2.44112     0.09988     0.02249     0.04942     0.04946     0.22125
     2.45112     0.09729     0.02274     0.04684     0.05024     0.21711
     2.46212     0.09736     0.02319     0.04688     0.05159     0.21902
     2.47212     0.09747     0.02366     0.04695     0.05298     0.22106
     2.48212     0.09746     0.02414     0.04699     0.05432     0.22291
     2.49212     0.09735     0.02461     0.04701     0.05564     0.22461
     2.50312     0.09614     0.02474     0.04668     0.05496     0.22252
     2.51312     0.09503     0.02474     0.04640     0.05428     0.22045
     2.52312     0.09409     0.02464     0.04622     0.05372     0.21867
     2.53412     0.09267     0.02439     0.04583     0.05275     0.21564
     2.54412     0.09065     0.02398     0.04509     0.05129     0.21101
     2.55412     0.08821     0.02346     0.04410     0.04951     0.20528
     2.56512     0.08635     0.02305     0.04329     0.04809     0.20078
     2.57512     0.08461     0.02265     0.04258     0.04674     0.19658
     2.58512     0.08300     0.02227     0.04196     0.04546     0.19269
     2.59512     0.08152     0.02191     0.04143     0.04427     0.18913
     2.60612     0.08018     0.02158     0.04099     0.04316     0.18591
     2.61612     0.07899     0.02127     0.04065     0.04214     0.18305
     2.62612     0.07792     0.02097     0.04040     0.04120     0.18049
     2.63712     0.07698     0.02070     0.04023     0.04033     0.17824
     2.64712     0.07620     0.02069     0.04027     0.04000     0.17716
     2.65712     0.07550     0.02081     0.04034     0.03991     0.17656
     2.66812     0.07483     0.02097     0.04040     0.03993     0.17613
     2.67812     0.07417     0.02117     0.04042     0.04004     0.17580
     2.68812     0.07338     0.02137     0.04038     0.04014     0.17527
     2.69812     0.07222     0.02150     0.04014     0.04011     0.17397
     2.70912     0.07066     0.02156     0.03971     0.03995     0.17188
     2.71912     0.06882     0.02322     0.03997     0.04038     0.17239
     2.72912     0.06614     0.02424     0.03966     0.04049     0.17053
     2.74012     0.06317     0.02452     0.03891     0.04032     0.16692
     2.75012     0.06079     0.02430     0.03813     0.04007     0.16329
     2.76012     0.05898     0.02358     0.03735     0.03973     0.15964
     2.77112     0.05795     0.02241     0.03668     0.03936     0.15640
     2.78112     0.05761     0.02210     0.03670     0.03937     0.15578
     2.79112     0.05744     0.02230     0.03706     0.03958     0.15638
     2.80112     0.05734     0.02245     0.03741     0.03976     0.15696
     2.81212     0.05718     0.02254     0.03762     0.03981     0.15715
     2.82212     0.05707     0.02261     0.03789     0.03981     0.15738
     2.83212     0.05708     0.02263     0.03825     0.03982     0.15778
     2.84312     0.05772     0.02323     0.03923     0.04033     0.16051
     2.85312     0.05842     0.02401     0.04028     0.04088     0.16359
     2.86312     0.05867     0.02430     0.04089     0.04101     0.16487
     2.87412     0.05849     0.02444     0.04102     0.04102     0.16497
     2.88412     0.05790     0.02449     0.04077     0.04099     0.16415
     2.89412     0.05759     0.02489     0.04065     0.04139     0.16452
     2.90412     0.05704     0.02498     0.04039     0.04142     0.16383
     2.91512     0.05637     0.02492     0.04006     0.04127     0.16262
     2.92512     0.05572     0.02487     0.03973     0.04112     0.16144
     2.93512     0.05508     0.02482     0.03941     0.04097     0.16028
     2.94612     0.05446     0.02477     0.03910     0.04082     0.15915
     2.95612     0.05385     0.02472     0.03879     0.04066     0.15802
     2.96612     0.05326     0.02468     0.03849     0.04049     0.15692
     2.97712     0.05269     0.02464     0.03819     0.04032     0.15584
     2.98712     0.05213     0.02460     0.03790     0.04015     0.15478
     2.99712     0.05158     0.02456     0.03762     0.03997     0.15373
     3.00712     0.05103     0.02452     0.03733     0.03978     0.15266
     3.01812     0.05050     0.02448     0.03705     0.03958     0.15161
     3.02812     0.04997     0.02445     0.03678     0.03937     0.15057
     3.03812     0.04943     0.02441     0.03649     0.03914     0.14947
     3.04912     0.04873     0.02429     0.03598     0.03886     0.14786
     3.05912     0.04801     0.02420     0.03536     0.03869     0.14626
     3.06912     0.04729     0.02412     0.03481     0.03852     0.14474
     3.08012     0.04644     0.02396     0.03424     0.03823     0.14287
     3.09012     0.04548     0.02373     0.03363     0.03781     0.14065
     3.10012     0.04431     0.02338     0.03290     0.03726     0.13785
     3.11012     0.04294     0.02293     0.03202     0.03656     0.13445
     3.12112     0.04139     0.02243     0.03106     0.03578     0.13066
     3.13112     0.03927     0.02180     0.02971     0.03469     0.12547
     3.14112     0.03559     0.02079     0.02708     0.03277     0.11623
     3.15212     0.02987     0.01934     0.02279     0.02997     0.10197
     3.16212     0.02716     0.01841     0.02082     0.02777     0.09416
     3.17212     0.02721     0.01900     0.02138     0.02811     0.09570
     3.18312     0.02732     0.01970     0.02204     0.02859     0.09765
     3.19312     0.02747     0.02052     0.02281     0.02919     0.09999
     3.20312     0.02767     0.02152     0.02369     0.03001     0.10289
     3.21312     0.02794     0.02272     0.02474     0.03109     0.10649
     3.22412     0.02833     0.02411     0.02595     0.03239     0.11078
     3.23412     0.02962     0.02899     0.03123     0.03534     0.12518
     3.24412     0.03133     0.03439     0.03709     0.03879     0.14160
     3.25512     0.03341     0.04018     0.04338     0.04266     0.15963
     3.26512     0.03556     0.04546     0.04929     0.04669     0.17700
     3.27512     0.03962     0.05451     0.06171     0.06162     0.21746
     3.28612     0.04591     0.06579     0.07676     0.08085     0.26931
     3.29612     0.05389     0.07797     0.09225     0.10240     0.32651
     3.30612     0.06340     0.09481     0.10450     0.12330     0.38601
     3.31612     0.06817     0.10220     0.10880     0.13340     0.41257
     3.32712     0.05895     0.08840     0.09076     0.11190     0.35001
     3.33712     0.05680     0.08287     0.08424     0.10430     0.32821
     3.34712     0.05477     0.07469     0.07304     0.09308     0.29558
     3.35812     0.05206     0.06798     0.06854     0.08394     0.27252
     3.36812     0.04922     0.06094     0.06433     0.07472     0.24921
     3.37812     0.04722     0.05562     0.06122     0.06775     0.23181
     3.38912     0.04602     0.05204     0.05913     0.06302     0.22021
     3.39912     0.04544     0.04970     0.05782     0.06003     0.21299
     3.40912     0.04507     0.04769     0.05684     0.05751     0.20711
     3.41912     0.04488     0.04600     0.05615     0.05538     0.20241
     3.43012     0.04487     0.04464     0.05580     0.05373     0.19904
     3.44012     0.04508     0.04364     0.05580     0.05262     0.19714
     3.45012     0.04545     0.04299     0.05611     0.05200     0.19655
     3.46112     0.04596     0.04262     0.05651     0.05165     0.19674
     3.47112     0.04652     0.04239     0.05696     0.05145     0.19732
     3.48112     0.04712     0.04229     0.05745     0.05139     0.19825
     3.49212     0.04778     0.04231     0.05805     0.05148     0.19962
     3.50212     0.04848     0.04242     0.05873     0.05170     0.20133
     3.51212     0.04924     0.04263     0.05951     0.05205     0.20343
     3.52212     0.05006     0.04295     0.06040     0.05254     0.20595
     3.53312     0.05093     0.04332     0.06140     0.05311     0.20876
     3.54312     0.05184     0.04372     0.06249     0.05376     0.21181
     3.55312     0.05450     0.04454     0.06445     0.05497     0.21846
     3.56412     0.06324     0.04616     0.06832     0.05779     0.23551
     3.57412     0.06908     0.04692     0.07075     0.05993     0.24668
     3.58412     0.07302     0.04735     0.07272     0.06188     0.25497
     3.59512     0.07503     0.04747     0.07423     0.06362     0.26035
     3.60512     0.07519     0.04721     0.07502     0.06489     0.26231
     3.61512     0.07576     0.04740     0.07636     0.06726     0.26678
     3.62512     0.07572     0.04722     0.07716     0.06815     0.26825
     3.63612     0.07519     0.04673     0.07750     0.06775     0.26717
     3.64612     0.07251     0.04595     0.07595     0.06647     0.26088
     3.65612     0.06820     0.04574     0.07472     0.06517     0.25383
     3.66712     0.06679     0.04498     0.07244     0.06414     0.24835
     3.67712     0.06218     0.04284     0.06492     0.05973     0.22967
     3.68712     0.05882     0.04168     0.06056     0.05633     0.21739
     3.69812     0.05574     0.04077     0.05706     0.05337     0.20694
     3.70812     0.05294     0.04008     0.05436     0.05067     0.19805
     3.71812     0.05043     0.03959     0.05247     0.04823     0.19072
     3.72812     0.04701     0.03725     0.04800     0.04468     0.17694
     3.73912     0.04417     0.03552     0.04465     0.04202     0.16636
     3.74912     0.04180     0.03434     0.04234     0.03990     0.15838
     3.75912     0.03996     0.03422     0.04146     0.03842     0.15406
     3.77012     0.03828     0.03420     0.04069     0.03710     0.15027
     3.78012     0.03666     0.03383     0.03958     0.03586     0.14593
     3.79012     0.03512     0.03330     0.03836     0.03473     0.14151
     3.80112     0.03369     0.03260     0.03704     0.03367     0.13700
     3.81112     0.03235     0.03171     0.03562     0.03266     0.13234
     3.82112     0.03116     0.03102     0.03447     0.03178     0.12843
     3.83112     0.03016     0.03095     0.03395     0.03112     0.12618
     3.84212     0.02928     0.03093     0.03353     0.03059     0.12433
     3.85212     0.02852     0.03099     0.03322     0.03022     0.12295
     3.86212     0.02786     0.03108     0.03298     0.02993     0.12185
     3.87312     0.02748     0.03122     0.03286     0.02984     0.12140
     3.88312     0.02753     0.03146     0.03293     0.03005     0.12197
     3.89312     0.02770     0.03171     0.03305     0.03035     0.12281
     3.90412     0.02792     0.03197     0.03321     0.03069     0.12379
     3.91412     0.02818     0.03222     0.03340     0.03105     0.12485
     3.92412     0.02850     0.03247     0.03364     0.03145     0.12606
     3.93412     0.02964     0.03326     0.03452     0.03257     0.12999
     3.94512     0.03094     0.03436     0.03563     0.03379     0.13472
     3.95512     0.03200     0.03545     0.03665     0.03482     0.13892
     3.96512     0.03274     0.03635     0.03747     0.03559     0.14215
     3.97612     0.03317     0.03705     0.03808     0.03611     0.14441
     3.98612     0.03346     0.03756     0.03851     0.03657     0.14610
     3.99612     0.03367     0.03799     0.03886     0.03696     0.14748
     4.00712     0.03380     0.03833     0.03914     0.03731     0.14858
     4.01712     0.03385     0.03860     0.03935     0.03761     0.14941
     4.02712     0.03382     0.03878     0.03948     0.03785     0.14993
     4.03712     0.03370     0.03888     0.03954     0.03805     0.15017
     4.04812     0.03351     0.03890     0.03953     0.03819     0.15013
     4.05812     0.03324     0.03884     0.03945     0.03828     0.14981
     4.06812     0.03288     0.03869     0.03928     0.03832     0.14917
     4.07912     0.03242     0.03843     0.03902     0.03828     0.14815
     4.08912     0.03197     0.03812     0.03873     0.03819     0.14701
     4.09912     0.03165     0.03788     0.03851     0.03813     0.14617
     4.11012     0.03147     0.03773     0.03840     0.03811     0.14571
     4.12012     0.03152     0.03783     0.03857     0.03817     0.14609
     4.13012     0.03131     0.03766     0.03843     0.03807     0.14547
     4.14012     0.03079     0.03719     0.03788     0.03778     0.14364
     4.15112     0.02996     0.03642     0.03694     0.03732     0.14064
     4.16112     0.02883     0.03534     0.03560     0.03667     0.13644
     4.17112     0.02743     0.03400     0.03392     0.03581     0.13116
     4.18212     0.02621     0.03282     0.03238     0.03483     0.12624
     4.19212     0.02505     0.03169     0.03094     0.03388     0.12156
     4.20212     0.02396     0.03061     0.02958     0.03294     0.11709
     4.21312     0.02294     0.02957     0.02831     0.03203     0.11285
     4.22312     0.02198     0.02859     0.02713     0.03114     0.10884
     4.23312     0.02108     0.02766     0.02603     0.03028     0.10505
     4.24312     0.02029     0.02690     0.02503     0.02975     0.10197
     4.25412     0.01954     0.02618     0.02413     0.02934     0.09919
     4.26412     0.01887     0.02556     0.02342     0.02915     0.09700
     4.27412     0.01818     0.02485     0.02276     0.02821     0.09400
     4.28512     0.01750     0.02414     0.02211     0.02723     0.09098
     4.29512     0.01682     0.02342     0.02146     0.02623     0.08793
     4.30512     0.01612     0.02267     0.02079     0.02522     0.08480
     4.31612     0.01542     0.02190     0.02009     0.02419     0.08160
     4.32612     0.01470     0.02109     0.01936     0.02314     0.07829
     4.33612     0.01393     0.02012     0.01850     0.02197     0.07452
     4.34612     0.01313     0.01909     0.01758     0.02073     0.07053
     4.35712     0.01233     0.01805     0.01664     0.01947     0.06649
     4.36712     0.01152     0.01698     0.01569     0.01819     0.06238
     4.37712     0.01072     0.01592     0.01475     0.01690     0.05829
     4.38812     0.00995     0.01488     0.01384     0.01563     0.05430
     4.39812     0.00921     0.01387     0.01297     0.01437     0.05042
     4.40812     0.00849     0.01287     0.01214     0.01313     0.04663
     4.41912     0.00784     0.01191     0.01133     0.01212     0.04320
     4.42912     0.00716     0.01091     0.01044     0.01117     0.03968
     4.43912     0.00644     0.00983     0.00944     0.01019     0.03590
     4.44912     0.00567     0.00870     0.00835     0.00919     0.03190
     4.46012     0.00485     0.00749     0.00716     0.00816     0.02766
     4.47012     0.00398     0.00622     0.00588     0.00710     0.02319
     4.48012     0.00334     0.00524     0.00487     0.00628     0.01974
     4.49112     0.00310     0.00487     0.00449     0.00593     0.01839
     4.50112     0.00290     0.00457     0.00418     0.00562     0.01727
     4.51112     0.00270     0.00429     0.00389     0.00532     0.01620
     4.52212     0.00252     0.00402     0.00362     0.00504     0.01520
     4.53212     0.00234     0.00378     0.00336     0.00477     0.01425
     4.54212     0.00217     0.00355     0.00313     0.00452     0.01337
     4.55212     0.00201     0.00334     0.00291     0.00428     0.01254
     4.56312     0.00172     0.00298     0.00257     0.00389     0.01117
     4.57312     0.00146     0.00265     0.00226     0.00353     0.00990
     4.58312     0.00122     0.00236     0.00198     0.00321     0.00877
     4.59412     0.00102     0.00210     0.00174     0.00292     0.00777
     4.60412     0.00086     0.00187     0.00153     0.00266     0.00692
     4.61412     0.00072     0.00168     0.00135     0.00244     0.00620
     4.62412     0.00062     0.00153     0.00121     0.00226     0.00562
     4.63512     0.00055     0.00141     0.00110     0.00211     0.00517
     4.64512     0.00050     0.00131     0.00101     0.00198     0.00480
     4.65512     0.00045     0.00121     0.00092     0.00184     0.00443
     4.66612     0.00041     0.00112     0.00083     0.00170     0.00406
     4.67612     0.00037     0.00102     0.00074     0.00156     0.00369
     4.68612     0.00033     0.00093     0.00065     0.00141     0.00332
     4.69712     0.00029     0.00083     0.00057     0.00126     0.00295
     4.70712     0.00020     0.00058     0.00041     0.00090     0.00209
     4.71712     0.00012     0.00033     0.00027     0.00055     0.00128
     4.72712     0.00007     0.00016     0.00016     0.00030     0.00068
     4.73812     0.00003     0.00006     0.00008     0.00013     0.00030
     4.74812     0.00001     0.00002     0.00003     0.00005     0.00011
     4.75812     0.00000     0.00000     0.00001     0.00001     0.00002
     4.76912     0.00000     0.00000     0.00000     0.00000     0.00000
     4.77912     0.00000     0.00000     0.00000     0.00000     0.00000
     4.78912     0.00000     0.00000     0.00000     0.00000     0.00000
     4.80012     0.00000     0.00000     0.00000     0.00000     0.00000
     4.81012     0.00000     0.00000     0.00000     0.00000     0.00000
     4.82012     0.00000     0.00000     0.00000     0.00000     0.00000
     4.83012     0.00000     0.00000     0.00000     0.00000     0.00000
     4.84112     0.00000     0.00000     0.00000     0.00000     0.00000
     4.85112     0.00000     0.00000     0.00000     0.00000     0.00000
     4.86112     0.00000     0.00000     0.00000     0.00000     0.00000
     4.87212     0.00000     0.00000     0.00000     0.00000     0.00000
     4.88212     0.00000     0.00000     0.00000     0.00000     0.00000
     4.89212     0.00000     0.00000     0.00000     0.00000     0.00000
     4.90312     0.00000     0.00000     0.00000     0.00000     0.00000
     4.91312     0.00000     0.00000     0.00000     0.00000     0.00000
     4.92312     0.00000     0.00000     0.00000     0.00000     0.00000
     4.93312     0.00000     0.00000     0.00000     0.00000     0.00000
     4.94412     0.00000     0.00000     0.00000     0.00000     0.00000
     4.95412     0.00000     0.00000     0.00000     0.00000     0.00000
     4.96412     0.00000     0.00000     0.00000     0.00000     0.00000
     4.97512     0.00000     0.00000     0.00000     0.00000     0.00000
     4.98512     0.00000     0.00000     0.00000     0.00000     0.00000
     4.99512     0.00000     0.00000     0.00000     0.00000     0.00000
     5.00612     0.00000     0.00000     0.00000     0.00000     0.00000
     5.01612     0.00000     0.00000     0.00000     0.00000     0.00000
     5.02612     0.00000     0.00000     0.00000     0.00000     0.00000
     5.03612     0.00000     0.00000     0.00000     0.00000     0.00000
     5.04712     0.00000     0.00000     0.00000     0.00000     0.00000
     5.05712     0.00000     0.00000     0.00000     0.00000     0.00000
     5.06712     0.00000     0.00000     0.00000     0.00000     0.00000
     5.07812     0.00000     0.00000     0.00000     0.00000     0.00000
     5.08812     0.00000     0.00000     0.00000     0.00000     0.00000
     5.09812     0.00000     0.00000     0.00000     0.00000     0.00000
     5.10912     0.00000     0.00000     0.00000     0.00000     0.00000
     5.11912     0.00000     0.00000     0.00000     0.00000     0.00000
     5.12912     0.00000     0.00000     0.00000     0.00000     0.00000
     5.13912     0.00000     0.00000     0.00000     0.00000     0.00000
     5.15012     0.00000     0.00000     0.00000     0.00000     0.00000
     5.16012     0.00000     0.00000     0.00000     0.00000     0.00000
     5.17012     0.00000     0.00000     0.00000     0.00000     0.00000
     5.18112     0.00000     0.00000     0.00000     0.00000     0.00000
     5.19112     0.00000     0.00000     0.00000     0.00000     0.00000
     5.20112     0.00000     0.00000     0.00000     0.00000     0.00000
     5.21212     0.00000     0.00000     0.00000     0.00000     0.00000
     5.22212     0.00000     0.00000     0.00000     0.00000     0.00000
     5.23212     0.00000     0.00000     0.00000     0.00000     0.00000
     5.24212     0.00000     0.00000     0.00000     0.00000     0.00000
     5.25312     0.00000     0.00000     0.00000     0.00000     0.00000
     5.26312     0.00000     0.00000     0.00000     0.00000     0.00000
     5.27312     0.00000     0.00000     0.00000     0.00000     0.00000
     5.28412     0.00000     0.00000     0.00000     0.00000     0.00000
     5.29412     0.00000     0.00000     0.00000     0.00000     0.00000
     5.30412     0.00000     0.00000     0.00000     0.00000     0.00000
     5.31512     0.00000     0.00000     0.00000     0.00000     0.00000
     5.32512     0.00000     0.00000     0.00000     0.00000     0.00000
     5.33512     0.00000     0.00000     0.00000     0.00000     0.00000
     5.34512     0.00000     0.00000     0.00000     0.00000     0.00000
     5.35612     0.00000     0.00000     0.00000     0.00000     0.00000
     5.36612     0.00000     0.00000     0.00000     0.00000     0.00000
     5.37612     0.00000     0.00000     0.00000     0.00000     0.00000
     5.38712     0.00000     0.00000     0.00000     0.00000     0.00000
     5.39712     0.00000     0.00000     0.00000     0.00000     0.00000
     5.40712     0.00000     0.00000     0.00000     0.00000     0.00000
     5.41812     0.00000     0.00000     0.00000     0.00000     0.00000
     5.42812     0.00000     0.00000     0.00000     0.00000     0.00000
     5.43812     0.00000     0.00000     0.00000     0.00000     0.00000
     5.44812     0.00000     0.00000     0.00000     0.00000     0.00000
     5.45912     0.00000     0.00000     0.00000     0.00000     0.00000
     5.46912     0.00000     0.00000     0.00000     0.00000     0.00000
     5.47912     0.00000     0.00000     0.00000     0.00000     0.00000
     5.49012     0.00000     0.00000     0.00000     0.00000     0.00000
     5.50012     0.00000     0.00000     0.00000     0.00000     0.00000
     5.51012     0.00000     0.00000     0.00000     0.00000     0.00000
     5.52112     0.00000     0.00000     0.00000     0.00000     0.00000
     5.53112     0.00000     0.00000     0.00000     0.00000     0.00000
     5.54112     0.00000     0.00000     0.00000     0.00000     0.00000
     5.55112     0.00000     0.00000     0.00000     0.00000     0.00000
     5.56212     0.00000     0.00000     0.00000     0.00000     0.00000
     5.57212     0.00000     0.00000     0.00000     0.00000     0.00000
     5.58212     0.00000     0.00000     0.00000     0.00000     0.00000
     5.59312     0.00000     0.00000     0.00000     0.00000     0.00000
     5.60312     0.00000     0.00000     0.00000     0.00000     0.00000
     5.61312     0.00000     0.00000     0.00000     0.00000     0.00000
     5.62412     0.00000     0.00000     0.00000     0.00000     0.00000
     5.63412     0.00000     0.00000     0.00000     0.00000     0.00000
     5.64412     0.00000     0.00000     0.00000     0.00000     0.00000
     5.65412     0.00000     0.00000     0.00000     0.00000     0.00000
     5.66512     0.00000     0.00000     0.00000     0.00000     0.00000
     5.67512     0.00000     0.00000     0.00000     0.00000     0.00000
     5.68512     0.00000     0.00000     0.00000     0.00000     0.00000
     5.69612     0.00000     0.00000     0.00000     0.00000     0.00000
     5.70612     0.00000     0.00000     0.00000     0.00000     0.00000
     5.71612     0.00000     0.00000     0.00000     0.00000     0.00000
     5.72712     0.00000     0.00000     0.00000     0.00000     0.00000
     5.73712     0.00000     0.00000     0.00000     0.00000     0.00000
     5.74712     0.00000     0.00000     0.00000     0.00000     0.00000
     5.75712     0.00000     0.00000     0.00000     0.00000     0.00000
     5.76812     0.00000     0.00000     0.00000     0.00000     0.00000
     5.77812     0.00000     0.00000     0.00000     0.00000     0.00000
     5.78812     0.00000     0.00000     0.00000     0.00000     0.00000
     5.79912     0.00000     0.00000     0.00000     0.00000     0.00000
     5.80912     0.00000     0.00000     0.00000     0.00000     0.00000
     5.81912     0.00000     0.00000     0.00000     0.00000     0.00000
     5.83012     0.00000     0.00000     0.00000     0.00000     0.00000
     5.84012     0.00000     0.00000     0.00000     0.00000     0.00000
     5.85012     0.00000     0.00000     0.00000     0.00000     0.00000
     5.86012     0.00000     0.00000     0.00000     0.00000     0.00000
     5.87112     0.00000     0.00000     0.00000     0.00000     0.00000
     5.88112     0.00000     0.00000     0.00000     0.00000     0.00000
     5.89112     0.00000     0.00000     0.00000     0.00000     0.00000
     5.90212     0.00000     0.00000     0.00000     0.00000     0.00000
     5.91212     0.00000     0.00000     0.00000     0.00000     0.00000
     5.92212     0.00000     0.00000     0.00000     0.00000     0.00000
     5.93312     0.00000     0.00000     0.00000     0.00000     0.00000
     5.94312     0.00000     0.00000     0.00000     0.00000     0.00000
     5.95312     0.00000     0.00000     0.00000     0.00000     0.00000
     5.96312     0.00000     0.00000     0.00000     0.00000     0.00000
     5.97412     0.00000     0.00000     0.00000     0.00000     0.00000
     5.98412     0.00000     0.00000     0.00000     0.00000     0.00000
     5.99412     0.00000     0.00000     0.00000     0.00000     0.00000
     6.00512     0.00000     0.00000     0.00000     0.00000     0.00000
     6.01512     0.00000     0.00000     0.00000     0.00000     0.00000
     6.02512     0.00000     0.00000     0.00000     0.00000     0.00000
     6.03612     0.00000     0.00000     0.00000     0.00000     0.00000
     6.04612     0.00000     0.00000     0.00000     0.00000     0.00000
     6.05612     0.00000     0.00000     0.00000     0.00000     0.00000
     6.06612     0.00000     0.00000     0.00000     0.00000     0.00000
     6.07712     0.00000     0.00000     0.00000     0.00000     0.00000
     6.08712     0.00000     0.00000     0.00000     0.00000     0.00000
     6.09712     0.00000     0.00000     0.00000     0.00000     0.00000
     6.10812     0.00000     0.00000     0.00000     0.00000     0.00000
     6.11812     0.00000     0.00000     0.00000     0.00000     0.00000
     6.12812     0.00000     0.00000     0.00000     0.00000     0.00000
     6.13912     0.00000     0.00000     0.00000     0.00000     0.00000
     6.14912     0.00000     0.00000     0.00000     0.00000     0.00000
     6.15912     0.00000     0.00000     0.00000     0.00000     0.00000
     6.16912     0.00000     0.00000     0.00000     0.00000     0.00000
     6.18012     0.00000     0.00000     0.00000     0.00000     0.00000
     6.19012     0.00000     0.00000     0.00000     0.00000     0.00000
     6.20012     0.00000     0.00000     0.00000     0.00000     0.00000
     6.21112     0.00000     0.00000     0.00000     0.00000     0.00000
     6.22112     0.00000     0.00000     0.00000     0.00000     0.00000
     6.23112     0.00000     0.00000     0.00000     0.00000     0.00000
     6.24212     0.00000     0.00000     0.00000     0.00000     0.00000
     6.25212     0.00000     0.00000     0.00000     0.00000     0.00000
     6.26212     0.00000     0.00000     0.00000     0.00000     0.00000
     6.27212     0.00000     0.00000     0.00000     0.00000     0.00000
     6.28312     0.00000     0.00000     0.00000     0.00000     0.00000
     6.29312     0.00000     0.00000     0.00000     0.00000     0.00000
     6.30312     0.00000     0.00000     0.00000     0.00000     0.00000
     6.31412     0.00000     0.00000     0.00000     0.00000     0.00000
     6.32412     0.00000     0.00000     0.00000     0.00000     0.00000
     6.33412     0.00000     0.00000     0.00000     0.00000     0.00000
     6.34512     0.00000     0.00000     0.00000     0.00000     0.00000
     6.35512     0.00000     0.00000     0.00000     0.00000     0.00000
     6.36512     0.00000     0.00000     0.00000     0.00000     0.00000
     6.37512     0.00000     0.00000     0.00000     0.00000     0.00000
     6.38612     0.00000     0.00000     0.00000     0.00000     0.00000
     6.39612     0.00000     0.00000     0.00000     0.00000     0.00000
     6.40612     0.00000     0.00000     0.00000     0.00000     0.00000
     6.41712     0.00000     0.00000     0.00000     0.00000     0.00000
     6.42712     0.00000     0.00000     0.00000     0.00000     0.00000
     6.43712     0.00000     0.00000     0.00000     0.00000     0.00000
     6.44812     0.00000     0.00000     0.00000     0.00000     0.00000
     6.45812     0.00000     0.00000     0.00000     0.00000     0.00000
     6.46812     0.00000     0.00000     0.00000     0.00000     0.00000
     6.47812     0.00000     0.00000     0.00000     0.00000     0.00000
     6.48912     0.00000     0.00000     0.00000     0.00000     0.00000
     6.49912     0.00000     0.00000     0.00000     0.00000     0.00000
     6.50912     0.00000     0.00000     0.00000     0.00000     0.00000
     6.52012     0.00000     0.00000     0.00000     0.00000     0.00000
     6.53012     0.00000     0.00000     0.00000     0.00000     0.00000
     6.54012     0.00000     0.00000     0.00000     0.00000     0.00000
     6.55112     0.00000     0.00000     0.00000     0.00000     0.00000
     6.56112     0.00000     0.00000     0.00000     0.00000     0.00000
     6.57112     0.00000     0.00000     0.00000     0.00000     0.00000
     6.58112     0.00000     0.00000     0.00000     0.00000     0.00000
     6.59212     0.00000     0.00000     0.00000     0.00000     0.00000
     6.60212     0.00000     0.00000     0.00000     0.00000     0.00000
     6.61212     0.00000     0.00000     0.00000     0.00000     0.00000
     6.62312     0.00000     0.00000     0.00000     0.00000     0.00000
     6.63312     0.00000     0.00000     0.00000     0.00000     0.00000
     6.64312     0.00000     0.00000     0.00000     0.00000     0.00000
     6.65412     0.00000     0.00000     0.00000     0.00000     0.00000
     6.66412     0.00000     0.00000     0.00000     0.00000     0.00000
     6.67412     0.00000     0.00000     0.00000     0.00000     0.00000
     6.68412     0.00000     0.00000     0.00000     0.00000     0.00000
     6.69512     0.00000     0.00000     0.00000     0.00000     0.00000
     6.70512     0.00000     0.00000     0.00000     0.00000     0.00000
     6.71512     0.00000     0.00000     0.00000     0.00000     0.00000
     6.72612     0.00000     0.00000     0.00000     0.00000     0.00000
     6.73612     0.00000     0.00000     0.00000     0.00000     0.00000
     6.74612     0.00000     0.00000     0.00000     0.00000     0.00000
     6.75712     0.00000     0.00000     0.00000     0.00000     0.00000
     6.76712     0.00000     0.00000     0.00000     0.00000     0.00000
